x_log y_smooth
118.675970 32.975766
119.252330 33.186160
119.831490 33.395543
120.413462 33.603918
120.998261 33.811287
121.585900 34.017654
122.176393 34.223019
122.769753 34.427386
123.365995 34.630757
123.965133 34.833135
124.567181 35.034521
125.172153 35.234920
125.780063 35.434332
126.390925 35.632761
127.004754 35.830208
127.621564 36.026677
128.241369 36.222170
128.864185 36.416690
129.490025 36.610238
130.118905 36.802817
130.750839 36.994430
131.385843 37.185080
132.023930 37.374768
132.665116 37.563497
133.309416 37.751270
133.956845 37.938089
134.607418 38.123956
135.261151 38.308875
135.918059 38.492847
136.578157 38.675875
137.241461 38.857961
137.907987 39.039108
138.577749 39.219319
139.250765 39.398596
139.927048 39.576940
140.606617 39.754356
141.289485 39.930845
141.975670 40.106409
142.665188 40.281052
143.358054 40.454775
144.054285 40.627582
144.753898 40.799474
145.456908 40.970454
146.163333 41.140524
146.873188 41.309688
147.586491 41.477947
148.303258 41.645304
149.023506 41.811761
149.747252 41.977322
150.474513 42.141987
151.205306 42.305761
151.939648 42.468644
152.677557 42.630641
153.419049 42.791752
154.164142 42.951981
154.912854 43.111331
155.665202 43.269803
156.421204 43.427400
157.180878 43.584124
157.944241 43.739979
158.711311 43.894966
159.482107 44.049088
160.256646 44.202347
161.034947 44.354747
161.817027 44.506288
162.602906 44.656975
163.392602 44.806809
164.186133 44.955792
164.983517 45.103928
165.784775 45.251218
166.589923 45.397666
167.398982 45.543273
168.211970 45.688043
169.028907 45.831977
169.849811 45.975078
170.674702 46.117348
171.503599 46.258791
172.336521 46.399407
173.173489 46.539201
174.014522 46.678174
174.859639 46.816329
175.708860 46.953669
176.562206 47.090195
177.419696 47.225910
178.281351 47.360817
179.147190 47.494919
180.017235 47.628216
180.891504 47.760714
181.770020 47.892412
182.652803 48.023315
183.539872 48.153424
184.431250 48.282742
185.326957 48.411272
186.227014 48.539016
187.131442 48.665976
188.040263 48.792155
188.953497 48.917555
189.871167 49.042179
190.793293 49.166029
191.719898 49.289108
192.651003 49.411419
193.586630 49.532963
194.526800 49.653743
195.471537 49.773761
196.420862 49.893021
197.374798 50.011525
198.333366 50.129274
199.296590 50.246272
200.264492 50.362521
201.237094 50.478023
202.214420 50.592781
203.196493 50.706798
204.183335 50.820075
205.174969 50.932616
206.171420 51.044422
207.172710 51.155497
208.178863 51.265842
209.189902 51.375461
210.205851 51.484355
211.226735 51.592527
212.252576 51.699980
213.283400 51.806716
214.319230 51.912737
215.360091 52.018047
216.406006 52.122646
217.457001 52.226539
218.513101 52.329727
219.574329 52.432213
220.640712 52.534000
221.712273 52.635089
222.789039 52.735483
223.871033 52.835185
224.958283 52.934198
226.050813 53.032523
227.148649 53.130163
228.251817 53.227120
229.360342 53.323398
230.474252 53.418999
231.593570 53.513924
232.718325 53.608177
233.848543 53.701760
234.984249 53.794675
236.125471 53.886925
237.272236 53.978512
238.424570 54.069439
239.582500 54.159709
240.746054 54.249323
241.915258 54.338285
243.090142 54.426596
244.270731 54.514259
245.457053 54.601277
246.649138 54.687652
247.847011 54.773387
249.050702 54.858483
250.260239 54.942945
251.475651 55.026773
252.696965 55.109970
253.924210 55.192540
255.157416 55.274483
256.396611 55.355804
257.641824 55.436504
258.893084 55.516586
260.150422 55.596052
261.413866 55.674905
262.683446 55.753147
263.959191 55.830780
265.241133 55.907808
266.529300 55.984232
267.823723 56.060055
269.124433 56.135280
270.431460 56.209909
271.744835 56.283944
273.064588 56.357389
274.390751 56.430244
275.723354 56.502514
277.062429 56.574200
278.408008 56.645304
279.760121 56.715830
281.118801 56.785780
282.484080 56.855156
283.855989 56.923960
285.234561 56.992196
286.619828 57.059865
288.011823 57.126970
289.410578 57.193514
290.816127 57.259499
292.228501 57.324928
293.647735 57.389802
295.073862 57.454125
296.506914 57.517898
297.946927 57.581125
299.393933 57.643808
300.847966 57.705950
302.309061 57.767551
303.777252 57.828617
305.252574 57.889147
306.735060 57.949146
308.224747 58.008616
309.721668 58.067559
311.225859 58.125977
312.737355 58.183874
314.256192 58.241251
315.782405 58.298110
317.316031 58.354456
318.857105 58.410289
320.405663 58.465613
321.961742 58.520429
323.525378 58.574741
325.096608 58.628550
326.675468 58.681860
328.261997 58.734673
329.856231 58.786991
331.458207 58.838816
333.067964 58.890152
334.685538 58.941000
336.310968 58.991363
337.944293 59.041244
339.585550 59.090644
341.234777 59.139568
342.892014 59.188016
344.557300 59.235991
346.230674 59.283497
347.912174 59.330535
349.601841 59.377107
351.299713 59.423217
353.005832 59.468867
354.720236 59.514058
356.442967 59.558795
358.174064 59.603079
359.913568 59.646912
361.661521 59.690297
363.417963 59.733237
365.182934 59.775734
366.956478 59.817791
368.738635 59.859409
370.529447 59.900592
372.328957 59.941342
374.137206 59.981661
375.954237 60.021552
377.780092 60.061017
379.614815 60.100059
381.458448 60.138681
383.311035 60.176884
385.172620 60.214671
387.043245 60.252045
388.922955 60.289008
390.811794 60.325562
392.709807 60.361711
394.617037 60.397456
396.533530 60.432800
398.459331 60.467746
400.394484 60.502295
402.339036 60.536451
404.293032 60.570216
406.256517 60.603592
408.229538 60.636582
410.212142 60.669188
412.204374 60.701413
414.206281 60.733259
416.217911 60.764729
418.239311 60.795825
420.270527 60.826549
422.311609 60.856905
424.362603 60.886894
426.423558 60.916519
428.494522 60.945782
430.575544 60.974687
432.666673 61.003235
434.767957 61.031429
436.879447 61.059271
439.001191 61.086764
441.133240 61.113910
443.275643 61.140713
445.428451 61.167173
447.591714 61.193294
449.765483 61.219078
451.949809 61.244528
454.144744 61.269646
456.350339 61.294434
458.566645 61.318896
460.793715 61.343033
463.031601 61.366848
465.280355 61.390343
467.540031 61.413522
469.810681 61.436385
472.092359 61.458937
474.385118 61.481179
476.689012 61.503114
479.004095 61.524744
481.330421 61.546071
483.668045 61.567099
486.017022 61.587830
488.377408 61.608265
490.749256 61.628408
493.132624 61.648262
495.527567 61.667827
497.934141 61.687108
500.352402 61.706107
502.782409 61.724825
505.224217 61.743269
507.677883 61.761446
510.143466 61.779362
512.621024 61.797025
515.110614 61.814442
517.612295 61.831619
520.126125 61.848563
522.652164 61.865282
525.190471 61.881782
527.741106 61.898070
530.304128 61.914153
532.879597 61.930039
535.467575 61.945734
538.068121 61.961245
540.681297 61.976579
543.307164 61.991743
545.945784 62.006744
548.597219 62.021589
551.261530 62.036285
553.938781 62.050839
556.629035 62.065258
559.332354 62.079548
562.048801 62.093717
564.778442 62.107772
567.521339 62.121720
570.277557 62.135567
573.047161 62.149320
575.830216 62.162988
578.626787 62.176575
581.436940 62.190090
584.260740 62.203540
587.098255 62.216931
589.949550 62.230270
592.814693 62.243565
595.693751 62.256821
598.586791 62.270047
601.493881 62.283249
604.415090 62.296434
607.350486 62.309610
610.300138 62.322782
613.264116 62.335958
616.242488 62.349145
619.235325 62.362350
622.242696 62.375580
625.264674 62.388842
628.301328 62.402143
631.352729 62.415489
634.418950 62.428888
637.500063 62.442346
640.596139 62.455871
643.707252 62.469470
646.833474 62.483149
649.974878 62.496916
653.131540 62.510777
656.303531 62.524740
659.490928 62.538811
662.693805 62.552997
665.912237 62.567305
669.146299 62.581743
672.396068 62.596317
675.661620 62.611034
678.943031 62.625901
682.240379 62.640925
685.553740 62.656113
688.883194 62.671473
692.228817 62.687010
695.590688 62.702732
698.968886 62.718645
702.363491 62.734758
705.774583 62.751076
709.202240 62.767607
712.646544 62.784358
716.107576 62.801336
719.585417 62.818546
723.080148 62.835998
726.591851 62.853697
730.120610 62.871651
733.666506 62.889865
737.229623 62.908349
740.810045 62.927107
744.407855 62.946148
748.023139 62.965478
751.655980 62.985105
755.306465 63.005034
758.974678 63.025274
762.660707 63.045831
766.364637 63.066712
770.086555 63.087924
773.826550 63.109473
777.584708 63.131368
781.361117 63.153615
785.155868 63.176220
788.969047 63.199191
792.800746 63.222535
796.651054 63.246259
800.520061 63.270369
804.407859 63.294873
808.314538 63.319778
812.240190 63.345090
816.184907 63.370816
820.148782 63.396964
824.131908 63.423541
828.134378 63.450552
832.156287 63.478007
836.197729 63.505910
840.258798 63.534270
844.339590 63.563092
848.440201 63.592385
852.560727 63.622156
856.701264 63.652410
860.861911 63.683155
865.042764 63.714398
869.243922 63.746146
873.465483 63.778407
877.707546 63.811185
881.970211 63.844490
886.253579 63.878328
890.557749 63.912705
894.882822 63.947629
899.228901 63.983107
903.596086 64.019145
907.984482 64.055751
912.394190 64.092931
916.825314 64.130693
921.277958 64.169043
925.752227 64.207989
930.248226 64.247537
934.766060 64.287694
939.305835 64.328468
943.867658 64.369865
948.451636 64.411892
953.057876 64.454556
957.686487 64.497864
962.337577 64.541824
967.011256 64.586441
971.707633 64.631723
976.426818 64.677678
981.168922 64.724311
985.934057 64.771630
990.722334 64.819633
995.533866 64.868313
1000.368765 64.917663
1005.227146 64.967673
1010.109121 65.018337
1015.014807 65.069646
1019.944317 65.121593
1024.897768 65.174169
1029.875276 65.227367
1034.876958 65.281179
1039.902930 65.335596
1044.953312 65.390612
1050.028221 65.446217
1055.127778 65.502405
1060.252100 65.559167
1065.401309 65.616496
1070.575526 65.674383
1075.774872 65.732821
1080.999469 65.791801
1086.249440 65.851316
1091.524908 65.911359
1096.825996 65.971920
1102.152830 66.032992
1107.505534 66.094567
1112.884234 66.156638
1118.289056 66.219197
1123.720127 66.282234
1129.177574 66.345744
1134.661526 66.409717
1140.172112 66.474146
1145.709460 66.539023
1151.273701 66.604340
1156.864964 66.670089
1162.483383 66.736262
1168.129087 66.802852
1173.802211 66.869850
1179.502887 66.937249
1185.231248 67.005040
1190.987430 67.073216
1196.771567 67.141769
1202.583795 67.210691
1208.424251 67.279974
1214.293072 67.349611
1220.190395 67.419592
1226.116359 67.489911
1232.071103 67.560559
1238.054767 67.631529
1244.067491 67.702813
1250.109416 67.774402
1256.180684 67.846290
1262.281438 67.918467
1268.411821 67.990926
1274.571977 68.063660
1280.762050 68.136660
1286.982185 68.209918
1293.232530 68.283427
1299.513229 68.357178
1305.824432 68.431164
1312.166285 68.505377
1318.538938 68.579809
1324.942541 68.654452
1331.377243 68.729298
1337.843196 68.804339
1344.340551 68.879568
1350.869462 68.954976
1357.430080 69.030555
1364.022561 69.106298
1370.647059 69.182197
1377.303729 69.258244
1383.992728 69.334430
1390.714213 69.410749
1397.468341 69.487192
1404.255271 69.563751
1411.075163 69.640418
1417.928176 69.717186
1424.814471 69.794047
1431.734210 69.870992
1438.687555 69.948014
1445.674670 70.025104
1452.695719 70.102256
1459.750866 70.179461
1466.840277 70.256711
1473.964118 70.333998
1481.122557 70.411314
1488.315761 70.488652
1495.543900 70.566004
1502.807143 70.643361
1510.105661 70.720716
1517.439624 70.798061
1524.809205 70.875388
1532.214578 70.952689
1539.655915 71.029957
1547.133392 71.107182
1554.647184 71.184358
1562.197468 71.261477
1569.784420 71.338530
1577.408218 71.415510
1585.069043 71.492408
1592.767072 71.569218
1600.502488 71.645930
1608.275472 71.722538
1616.086206 71.799033
1623.934874 71.875407
1631.821659 71.951653
1639.746747 72.027762
1647.710324 72.103727
1655.712577 72.179539
1663.753693 72.255192
1671.833862 72.330676
1679.953273 72.405984
1688.112117 72.481109
1696.310584 72.556042
1704.548869 72.630775
1712.827163 72.705300
1721.145662 72.779610
1729.504560 72.853697
1737.904054 72.927553
1746.344340 73.001169
1754.825618 73.074538
1763.348086 73.147653
1771.911944 73.220504
1780.517393 73.293085
1789.164635 73.365388
1797.853874 73.437403
1806.585312 73.509125
1815.359155 73.580544
1824.175610 73.651652
1833.034882 73.722443
1841.937180 73.792908
1850.882713 73.863038
1859.871691 73.932827
1868.904324 74.002267
1877.980826 74.071348
1887.101408 74.140065
1896.266285 74.208407
1905.475672 74.276369
1914.729785 74.343941
1924.028842 74.411116
1933.373061 74.477886
1942.762660 74.544244
1952.197861 74.610180
1961.678885 74.675688
1971.205954 74.740760
1980.779293 74.805386
1990.399125 74.869561
2000.065676 74.933275
2009.779175 74.996521
2019.539847 75.059291
2029.347923 75.121577
2039.203633 75.183371
2049.107209 75.244666
2059.058881 75.305453
2069.058885 75.365724
2079.107455 75.425472
2089.204827 75.484688
2099.351237 75.543365
2109.546925 75.601495
2119.792128 75.659070
2130.087089 75.716082
2140.432047 75.772524
2150.827247 75.828386
2161.272933 75.883662
2171.769348 75.938344
2182.316741 75.992423
2192.915358 76.045891
2203.565447 76.098742
2214.267260 76.150966
2225.021048 76.202556
2235.827062 76.253505
2246.685556 76.303803
2257.596786 76.353444
2268.561007 76.402420
2279.578477 76.450721
2290.649454 76.498342
2301.774198 76.545273
2312.952971 76.591507
2324.186034 76.637036
2335.473652 76.681852
2346.816089 76.725947
2358.213612 76.769313
2369.666487 76.811943
2381.174985 76.853828
2392.739375 76.894960
2404.359928 76.935332
2416.036917 76.974936
2427.770617 77.013764
2439.561303 77.051807
2451.409251 77.089059
2463.314739 77.125511
2475.278048 77.161155
2487.299458 77.195983
2499.379250 77.229988
2511.517710 77.263162
2523.715120 77.295496
2535.971769 77.326983
2548.287943 77.357615
2560.663932 77.387383
2573.100026 77.416281
2585.596516 77.444300
2598.153698 77.471432
2610.771864 77.497670
2623.451311 77.523005
2636.192338 77.547429
2648.995242 77.570936
2661.860325 77.593516
2674.787888 77.615162
2687.778235 77.635866
2700.831671 77.655620
2713.948502 77.674416
2727.129036 77.692247
2740.373582 77.709104
2753.682452 77.724979
2767.055958 77.739865
2780.494413 77.753754
2793.998133 77.766638
2807.567435 77.778508
2821.202638 77.789358
2834.904062 77.799178
2848.672027 77.807962
2862.506858 77.815701
2876.408879 77.822388
2890.378417 77.828014
2904.415798 77.832572
2918.521354 77.836054
2932.695414 77.838451
2946.938312 77.839756
2961.250382 77.839962
2975.631960 77.839059
2990.083383 77.837041
3004.604991 77.833900
3019.197125 77.829639
3033.860126 77.824268
3048.594340 77.817798
3063.400111 77.810236
3078.277788 77.801594
3093.227720 77.791880
3108.250258 77.781105
3123.345754 77.769279
3138.514562 77.756410
3153.757039 77.742510
3169.073543 77.727586
3184.464432 77.711650
3199.930069 77.694711
3215.470816 77.676779
3231.087039 77.657863
3246.779102 77.637973
3262.547376 77.617119
3278.392230 77.595310
3294.314035 77.572557
3310.313166 77.548869
3326.389999 77.524255
3342.544910 77.498726
3358.778279 77.472291
3375.090486 77.444960
3391.481916 77.416743
3407.952952 77.387649
3424.503980 77.357688
3441.135391 77.326870
3457.847573 77.295204
3474.640920 77.262701
3491.515825 77.229369
3508.472684 77.195219
3525.511896 77.160261
3542.633861 77.124503
3559.838979 77.087957
3577.127656 77.050631
3594.500297 77.012535
3611.957310 76.973680
3629.499104 76.934074
3647.126092 76.893728
3664.838687 76.852650
3682.637304 76.810852
3700.522362 76.768342
3718.494280 76.725131
3736.553481 76.681228
3754.700388 76.636642
3772.935427 76.591384
3791.259026 76.545464
3809.671615 76.498890
3828.173626 76.451673
3846.765495 76.403822
3865.447656 76.355348
3884.220549 76.306259
3903.084614 76.256566
3922.040294 76.206278
3941.088034 76.155405
3960.228281 76.103957
3979.461485 76.051944
3998.788096 75.999375
4018.208569 75.946259
4037.723359 75.892607
4057.332924 75.838429
4077.037725 75.783734
4096.838224 75.728531
4116.734886 75.672831
4136.728178 75.616643
4156.818569 75.559978
4177.006530 75.502844
4197.292537 75.445251
4217.677064 75.387210
4238.160591 75.328729
4258.743597 75.269819
4279.426567 75.210489
4300.209986 75.150749
4321.094341 75.090610
4342.080123 75.030079
4363.167824 74.969168
4384.357939 74.907886
4405.650966 74.846242
4427.047405 74.784247
4448.547758 74.721910
4470.152528 74.659240
4491.862225 74.596248
4513.677356 74.532944
4535.598434 74.469336
4557.625975 74.405435
4579.760494 74.341251
4602.002511 74.276793
4624.352548 74.212070
4646.811131 74.147094
4669.378785 74.081872
4692.056042 74.016416
4714.843432 73.950734
4737.741492 73.884837
4760.750758 73.818734
4783.871771 73.752435
4807.105072 73.685950
4830.451209 73.619288
4853.910728 73.552459
4877.484180 73.485473
4901.172119 73.418340
4924.975101 73.351068
4948.893684 73.283669
4972.928429 73.216152
4997.079902 73.148526
5021.348668 73.080801
5045.735298 73.012983
5070.240363 72.945072
5094.864440 72.877067
5119.608106 72.808970
5144.471941 72.740779
5169.456530 72.672495
5194.562459 72.604118
5219.790317 72.535647
5245.140696 72.467082
5270.614192 72.398424
5296.211402 72.329672
5321.932927 72.260827
5347.779371 72.191887
5373.751341 72.122854
5399.849446 72.053726
5426.074299 71.984504
5452.426515 71.915189
5478.906712 71.845778
5505.515514 71.776274
5532.253543 71.706675
5559.121428 71.636982
5586.119800 71.567194
5613.249291 71.497311
5640.510539 71.427334
5667.904184 71.357261
5695.430868 71.287094
5723.091239 71.216832
5750.885944 71.146475
5778.815637 71.076022
5806.880973 71.005475
5835.082611 70.934832
5863.421212 70.864094
5891.897443 70.793260
5920.511970 70.722331
5949.265467 70.651306
5978.158608 70.580185
6007.192071 70.508969
6036.366537 70.437657
6065.682692 70.366248
6095.141224 70.294744
6124.742823 70.223144
6154.488186 70.151448
6184.378009 70.079655
6214.412995 70.007766
6244.593848 69.935780
6274.921278 69.863698
6305.395995 69.791520
6336.018716 69.719245
6366.790159 69.646873
6397.711045 69.574404
6428.782102 69.501838
6460.004059 69.429176
6491.377647 69.356416
6522.903604 69.283560
6554.582670 69.210606
6586.415588 69.137554
6618.403106 69.064406
6650.545973 68.991160
6682.844946 68.917816
6715.300781 68.844375
6747.914241 68.770836
6780.686091 68.697200
6813.617101 68.623465
6846.708043 68.549633
6879.959694 68.475703
6913.372834 68.401674
6946.948249 68.327548
6980.686725 68.253323
7014.589056 68.179000
7048.656036 68.104578
7082.888466 68.030058
7117.287148 67.955440
7151.852891 67.880723
7186.586505 67.805907
7221.488807 67.730992
7256.560614 67.655979
7291.802751 67.580866
7327.216044 67.505655
7362.801326 67.430344
7398.559430 67.354935
7434.491197 67.279426
7470.597469 67.203817
7506.879095 67.128109
7543.336926 67.052302
7579.971818 66.976395
7616.784630 66.900389
7653.776227 66.824282
7690.947477 66.748076
7728.299253 66.671770
7765.832431 66.595365
7803.547892 66.518859
7841.446521 66.442252
7879.529209 66.365546
7917.796848 66.288739
7956.250338 66.211832
7994.890581 66.134825
8033.718483 66.057717
8072.734957 65.980508
8111.940917 65.903199
8151.337285 65.825789
8190.924985 65.748278
8230.704946 65.670666
8270.678102 65.592954
8310.845392 65.515140
8351.207757 65.437225
8391.766146 65.359208
8432.521510 65.281091
8473.474806 65.202872
8514.626996 65.124551
8555.979045 65.046129
8597.531923 64.967605
8639.286608 64.888980
8681.244077 64.810253
8723.405317 64.731424
8765.771316 64.652493
8808.343070 64.573460
8851.121577 64.494324
8894.107842 64.415087
8937.302874 64.335747
8980.707686 64.256305
9024.323298 64.176761
9068.150732 64.097114
9112.191019 64.017365
9156.445191 63.937512
9200.914288 63.857558
9245.599352 63.777500
9290.501434 63.697339
9335.621586 63.617075
9380.960869 63.536709
9426.520346 63.456239
9472.301087 63.375666
9518.304166 63.294990
9564.530663 63.214210
9610.981663 63.133327
9657.658256 63.052340
9704.561539 62.971250
9751.692612 62.890056
9799.052581 62.808758
9846.642558 62.727356
9894.463659 62.645850
9942.517009 62.564241
9990.803733 62.482527
10039.324967 62.400709
10088.081848 62.318787
10137.075521 62.236761
10186.307137 62.154630
10235.777850 62.072394
10285.488823 61.990055
10335.441221 61.907610
10385.636217 61.825061
10436.074990 61.742407
10486.758723 61.659648
10537.688606 61.576784
10588.865835 61.493815
10640.291611 61.410741
10691.967140 61.327561
10743.893637 61.244277
10796.072319 61.160887
10848.504412 61.077392
10901.191145 60.993791
10954.133757 60.910084
11007.333489 60.826272
11060.791590 60.742354
11114.509316 60.658330
11168.487926 60.574201
11222.728688 60.489965
11277.232876 60.405623
11332.001768 60.321176
11387.036649 60.236621
11442.338813 60.151961
11497.909557 60.067194
11553.750185 59.982321
11609.862008 59.897341
11666.246343 59.812255
11722.904514 59.727062
11779.837850 59.641762
11837.047688 59.556355
11894.535370 59.470841
11952.302247 59.385221
12010.349674 59.299493
12068.679013 59.213658
12127.291634 59.127716
12186.188913 59.041666
12245.372231 58.955509
12304.842978 58.869244
12364.602551 58.782872
12424.652351 58.696393
12484.993788 58.609805
12545.628279 58.523110
12606.557247 58.436307
12667.782122 58.349396
12729.304341 58.262376
12791.125348 58.175249
12853.246594 58.088014
12915.669538 58.000670
12978.395644 57.913218
13041.426386 57.825657
13104.763241 57.737988
13168.407698 57.650210
13232.361250 57.562324
13296.625398 57.474328
13361.201651 57.386224
13426.091524 57.298011
13491.296540 57.209689
13556.818231 57.121258
13622.658133 57.032718
13688.817793 56.944069
13755.298763 56.855310
13822.102604 56.766442
13889.230884 56.677464
13956.685178 56.588377
14024.467070 56.499180
14092.578151 56.409874
14161.020019 56.320458
14229.794282 56.230931
14298.902553 56.141295
14368.346454 56.051549
14438.127616 55.961693
14508.247676 55.871726
14578.708281 55.781650
14649.511084 55.691463
14720.657747 55.601165
14792.149941 55.510757
14863.989342 55.420239
14936.177638 55.329609
15008.716523 55.238870
