x_log y_smooth
118.072679 41.196110
118.646719 40.588655
119.223551 39.993904
119.803187 39.411766
120.385641 38.842152
120.970927 38.284972
121.559058 37.740139
122.150049 37.207561
122.743913 36.687149
123.340664 36.178816
123.940316 35.682470
124.542884 35.198022
125.148381 34.725384
125.756822 34.264466
126.368222 33.815179
126.982593 33.377432
127.599952 32.951138
128.220312 32.536206
128.843688 32.132547
129.470095 31.740072
130.099547 31.358691
130.732059 30.988316
131.367647 30.628856
132.006325 30.280223
132.648107 29.942327
133.293010 29.615078
133.941048 29.298388
134.592237 28.992167
135.246592 28.696326
135.904128 28.410774
136.564861 28.135424
137.228807 27.870186
137.895980 27.614969
138.566397 27.369686
139.240073 27.134246
139.917024 26.908560
140.597267 26.692539
141.280817 26.486094
141.967690 26.289135
142.657902 26.101573
143.351470 25.923318
144.048411 25.754281
144.748739 25.594373
145.452472 25.443504
146.159627 25.301586
146.870220 25.168528
147.584267 25.044241
148.301786 24.928637
149.022793 24.821625
149.747306 24.723116
150.475341 24.633022
151.206916 24.551252
151.942047 24.477717
152.680752 24.412328
153.423049 24.354995
154.168955 24.305630
154.918487 24.264143
155.671663 24.230444
156.428501 24.204444
157.189018 24.186054
157.953233 24.175185
158.721164 24.171747
159.492827 24.175650
160.268243 24.186806
161.047428 24.205125
161.830402 24.230517
162.617182 24.262894
163.407787 24.302166
164.202236 24.348243
165.000548 24.401037
165.802740 24.460458
166.608833 24.526416
167.418845 24.598823
168.232795 24.677588
169.050702 24.762623
169.872585 24.853838
170.698465 24.951144
171.528359 25.054451
172.362289 25.163671
173.200272 25.278713
174.042330 25.399489
174.888482 25.525909
175.738747 25.657884
176.593146 25.795324
177.451699 25.938140
178.314426 26.086242
179.181348 26.239542
180.052484 26.397950
180.927856 26.561377
181.807483 26.729733
182.691387 26.902929
183.579588 27.080875
184.472108 27.263483
185.368966 27.450662
186.270185 27.642324
187.175786 27.838380
188.085789 28.038739
189.000216 28.243312
189.919090 28.452011
190.842430 28.664745
191.770260 28.881426
192.702600 29.101964
193.639474 29.326270
194.580902 29.554254
195.526907 29.785827
196.477511 30.020899
197.432738 30.259382
198.392608 30.501186
199.357144 30.746222
200.326370 30.994400
201.300309 31.245631
202.278982 31.499825
203.262413 31.756893
204.250626 32.016747
205.243643 32.279296
206.241488 32.544451
207.244184 32.812123
208.251755 33.082222
209.264224 33.354660
210.281616 33.629346
211.303955 33.906192
212.331263 34.185108
213.363566 34.466004
214.400888 34.748792
215.443253 35.033382
216.490686 35.319684
217.543212 35.607610
218.600854 35.897070
219.663638 36.187974
220.731590 36.480234
221.804733 36.773759
222.883094 37.068461
223.966697 37.364251
225.055569 37.661038
226.149735 37.958734
227.249220 38.257248
228.354051 38.556493
229.464253 38.856378
230.579852 39.156814
231.700876 39.457712
232.827349 39.758983
233.959299 40.060536
235.096753 40.362283
236.239736 40.664134
237.388276 40.966001
238.542401 41.267793
239.702136 41.569421
240.867510 41.870797
242.038549 42.171830
243.215282 42.472431
244.397735 42.772511
245.585938 43.071981
246.779917 43.370750
247.979701 43.668731
249.185319 43.965833
250.396797 44.261968
251.614166 44.557045
252.837453 44.850975
254.066687 45.143670
255.301898 45.435039
256.543114 45.724994
257.790364 46.013445
259.043678 46.300303
260.303086 46.585477
261.568616 46.868880
262.840300 47.150422
264.118165 47.430013
265.402244 47.707563
266.692565 47.982985
267.989160 48.256187
269.292058 48.527082
270.601291 48.795579
271.916889 49.061589
273.238883 49.325023
274.567304 49.585791
275.902184 49.843805
277.243553 50.098974
278.591444 50.351211
279.945888 50.600463
281.306917 50.846743
282.674563 51.090071
284.048858 51.330466
285.429835 51.567945
286.817526 51.802529
288.211963 52.034237
289.613180 52.263086
291.021209 52.489096
292.436083 52.712287
293.857837 52.932676
295.286502 53.150283
296.722114 53.365127
298.164705 53.577227
299.614309 53.786601
301.070961 53.993270
302.534695 54.197250
304.005546 54.398563
305.483547 54.597225
306.968734 54.793257
308.461141 54.986678
309.960805 55.177506
311.467759 55.365760
312.982040 55.551459
314.503683 55.734622
316.032723 55.915268
317.569198 56.093416
319.113142 56.269086
320.664593 56.442295
322.223586 56.613062
323.790159 56.781408
325.364349 56.947350
326.946191 57.110908
328.535724 57.272100
330.132985 57.430946
331.738012 57.587464
333.350842 57.741674
334.971513 57.893594
336.600063 58.043243
338.236531 58.190640
339.880955 58.335805
341.533374 58.478755
343.193826 58.619511
344.862351 58.758090
346.538988 58.894512
348.223777 59.028796
349.916756 59.160961
351.617967 59.291026
353.327448 59.419009
355.045241 59.544930
356.771384 59.668807
358.505920 59.790660
360.248889 59.910507
362.000332 60.028367
363.760290 60.144260
365.528804 60.258204
367.305917 60.370218
369.091669 60.480321
370.886103 60.588532
372.689262 60.694871
374.501186 60.799355
376.321920 60.902003
378.151506 61.002836
379.989987 61.101871
381.837406 61.199128
383.693807 61.294626
385.559234 61.388383
387.433729 61.480419
389.317338 61.570752
391.210104 61.659401
393.112073 61.746386
395.023289 61.831725
396.943796 61.915437
398.873641 61.997541
400.812868 62.078056
402.761523 62.157002
404.719652 62.234396
406.687300 62.310258
408.664515 62.384606
410.651343 62.457461
412.647830 62.528840
414.654024 62.598763
416.669971 62.667248
418.695720 62.734315
420.731317 62.799983
422.776811 62.864269
424.832249 62.927194
426.897680 62.988777
428.973153 63.049035
431.058717 63.107989
433.154420 63.165656
435.260312 63.222057
437.376442 63.277210
439.502860 63.331133
441.639616 63.383847
443.786761 63.435369
445.944345 63.485719
448.112418 63.534915
450.291032 63.582977
452.480238 63.629924
454.680087 63.675774
456.890631 63.720546
459.111923 63.764260
461.344014 63.806934
463.586956 63.848587
465.840804 63.889239
468.105609 63.928907
470.381425 63.967612
472.668305 64.005371
474.966304 64.042205
477.275475 64.078131
479.595873 64.113169
481.927551 64.147338
484.270566 64.180656
486.624972 64.213143
488.990825 64.244818
491.368180 64.275699
493.757093 64.305805
496.157620 64.335156
498.569818 64.363771
500.993744 64.391667
503.429454 64.418863
505.877006 64.445369
508.336457 64.471192
510.807866 64.496339
513.291290 64.520818
515.786788 64.544635
518.294418 64.567798
520.814240 64.590314
523.346312 64.612191
525.890695 64.633435
528.447448 64.654053
531.016632 64.674054
533.598306 64.693444
536.192531 64.712230
538.799369 64.730420
541.418881 64.748020
544.051129 64.765039
546.696173 64.781483
549.354078 64.797359
552.024904 64.812675
554.708715 64.827438
557.405575 64.841655
560.115545 64.855334
562.838691 64.868481
565.575077 64.881103
568.324765 64.893209
571.087823 64.904805
573.864313 64.915899
576.654302 64.926497
579.457856 64.936607
582.275039 64.946236
585.105919 64.955392
587.950563 64.964081
590.809036 64.972311
593.681406 64.980088
596.567741 64.987421
599.468109 64.994317
602.382577 65.000782
605.311215 65.006824
608.254092 65.012450
611.211276 65.017667
614.182837 65.022483
617.168845 65.026904
620.169370 65.030939
623.184483 65.034593
626.214255 65.037875
629.258757 65.040792
632.318060 65.043350
635.392238 65.045558
638.481361 65.047422
641.585502 65.048949
644.704735 65.050147
647.839133 65.051023
650.988770 65.051584
654.153720 65.051837
657.334057 65.051790
660.529855 65.051450
663.741191 65.050824
666.968140 65.049919
670.210778 65.048742
673.469180 65.047302
676.743424 65.045604
680.033586 65.043656
683.339745 65.041465
686.661977 65.039040
690.000361 65.036385
693.354975 65.033510
696.725899 65.030421
700.113212 65.027126
703.516992 65.023631
706.937321 65.019944
710.374279 65.016072
713.827947 65.012022
717.298405 65.007802
720.785736 65.003419
724.290022 64.998879
727.811344 64.994191
731.349786 64.989361
734.905432 64.984397
738.478364 64.979306
742.068666 64.974095
745.676424 64.968771
749.301722 64.963341
752.944646 64.957813
756.605280 64.952194
760.283711 64.946492
763.980027 64.940712
767.694312 64.934863
771.426656 64.928953
775.177145 64.922987
778.945869 64.916973
782.732915 64.910919
786.538372 64.904831
790.362331 64.898718
794.204881 64.892585
798.066113 64.886441
801.946117 64.880292
805.844984 64.874146
809.762807 64.868011
813.699678 64.861892
817.655688 64.855798
821.630932 64.849735
825.625502 64.843712
829.639493 64.837734
833.672999 64.831810
837.726115 64.825946
841.798937 64.820150
845.891559 64.814429
850.004079 64.808790
854.136592 64.803241
858.289197 64.797788
862.461991 64.792439
866.655073 64.787202
870.868539 64.782082
875.102491 64.777088
879.357027 64.772227
883.632248 64.767505
887.928254 64.762931
892.245146 64.758511
896.583025 64.754253
900.941994 64.750163
905.322156 64.746250
909.723613 64.742520
914.146468 64.738980
918.590827 64.735638
923.056793 64.732501
927.544471 64.729576
932.053968 64.726871
936.585388 64.724392
941.138839 64.722146
945.714428 64.720142
950.312262 64.718386
954.932450 64.716886
959.575100 64.715648
964.240322 64.714680
968.928224 64.713989
973.638918 64.713582
978.372515 64.713467
983.129125 64.713651
987.908860 64.714141
992.711833 64.714944
997.538158 64.716067
1002.387946 64.717518
1007.261314 64.719304
1012.158374 64.721427
1017.079243 64.723886
1022.024035 64.726676
1026.992868 64.729794
1031.985859 64.733238
1037.003124 64.737002
1042.044781 64.741085
1047.110951 64.745483
1052.201750 64.750192
1057.317300 64.755209
1062.457720 64.760530
1067.623132 64.766153
1072.813657 64.772074
1078.029417 64.778289
1083.270535 64.784796
1088.537133 64.791590
1093.829337 64.798669
1099.147270 64.806029
1104.491057 64.813667
1109.860825 64.821579
1115.256699 64.829762
1120.678807 64.838213
1126.127276 64.846928
1131.602234 64.855903
1137.103809 64.865137
1142.632132 64.874624
1148.187333 64.884363
1153.769541 64.894348
1159.378889 64.904578
1165.015508 64.915048
1170.679531 64.925756
1176.371091 64.936698
1182.090322 64.947870
1187.837359 64.959270
1193.612336 64.970893
1199.415390 64.982737
1205.246657 64.994798
1211.106274 65.007073
1216.994379 65.019558
1222.911110 65.032250
1228.856608 65.045146
1234.831010 65.058242
1240.834459 65.071536
1246.867096 65.085022
1252.929061 65.098699
1259.020499 65.112563
1265.141551 65.126610
1271.292363 65.140837
1277.473078 65.155241
1283.683842 65.169818
1289.924802 65.184566
1296.196103 65.199480
1302.497895 65.214557
1308.830324 65.229794
1315.193539 65.245188
1321.587691 65.260734
1328.012930 65.276431
1334.469407 65.292274
1340.957274 65.308260
1347.476683 65.324386
1354.027788 65.340648
1360.610743 65.357043
1367.225703 65.373567
1373.872822 65.390218
1380.552259 65.406992
1387.264169 65.423885
1394.008711 65.440895
1400.786044 65.458017
1407.596326 65.475248
1414.439718 65.492586
1421.316381 65.510026
1428.226477 65.527566
1435.170168 65.545201
1442.147617 65.562929
1449.158989 65.580746
1456.204449 65.598649
1463.284162 65.616635
1470.398295 65.634699
1477.547015 65.652840
1484.730490 65.671052
1491.948890 65.689334
1499.202383 65.707681
1506.491142 65.726091
1513.815337 65.744559
1521.175140 65.763083
1528.570724 65.781659
1536.002265 65.800284
1543.469935 65.818955
1550.973912 65.837667
1558.514371 65.856418
1566.091490 65.875205
1573.705447 65.894023
1581.356422 65.912870
1589.044593 65.931743
1596.770143 65.950637
1604.533252 65.969549
1612.334104 65.988477
1620.172881 66.007417
1628.049769 66.026365
1635.964952 66.045318
1643.918617 66.064272
1651.910951 66.083225
1659.942141 66.102173
1668.012378 66.121113
1676.121849 66.140040
1684.270748 66.158953
1692.459264 66.177847
1700.687590 66.196719
1708.955921 66.215565
1717.264450 66.234384
1725.613374 66.253170
1734.002888 66.271920
1742.433189 66.290633
1750.904477 66.309302
1759.416950 66.327927
1767.970809 66.346503
1776.566254 66.365026
1785.203489 66.383494
1793.882715 66.401903
1802.604138 66.420249
1811.367962 66.438530
1820.174394 66.456742
1829.023641 66.474882
1837.915910 66.492946
1846.851412 66.510930
1855.830356 66.528833
1864.852953 66.546649
1873.919416 66.564376
1883.029958 66.582010
1892.184793 66.599549
1901.384136 66.616988
1910.628205 66.634325
1919.917216 66.651555
1929.251388 66.668676
1938.630941 66.685684
1948.056094 66.702576
1957.527071 66.719349
1967.044093 66.735998
1976.607384 66.752522
1986.217170 66.768915
1995.873677 66.785176
2005.577131 66.801300
2015.327760 66.817285
2025.125795 66.833127
2034.971466 66.848822
2044.865004 66.864367
2054.806642 66.879759
2064.796613 66.894994
2074.835154 66.910070
2084.922499 66.924982
2095.058887 66.939728
2105.244556 66.954303
2115.479744 66.968705
2125.764694 66.982931
2136.099646 66.996976
2146.484845 67.010838
2156.920534 67.024513
2167.406959 67.037997
2177.944366 67.051289
2188.533003 67.064383
2199.173120 67.077276
2209.864967 67.089967
2220.608794 67.102450
2231.404856 67.114722
2242.253405 67.126781
2253.154698 67.138623
2264.108990 67.150244
2275.116539 67.161641
2286.177604 67.172811
2297.292445 67.183751
2308.461324 67.194456
2319.684503 67.204924
2330.962247 67.215151
2342.294820 67.225134
2353.682490 67.234870
2365.125523 67.244355
2376.624190 67.253586
2388.178761 67.262559
2399.789507 67.271271
2411.456702 67.279719
2423.180619 67.287899
2434.961536 67.295809
2446.799729 67.303443
2458.695476 67.310801
2470.649057 67.317877
2482.660754 67.324668
2494.730849 67.331172
2506.859625 67.337384
2519.047369 67.343302
2531.294366 67.348922
2543.600906 67.354240
2555.967277 67.359254
2568.393770 67.363960
2580.880678 67.368354
2593.428294 67.372434
2606.036914 67.376195
2618.706833 67.379635
2631.438351 67.382750
2644.231766 67.385537
2657.087380 67.387992
2670.005495 67.390112
2682.986414 67.391894
2696.030444 67.393334
2709.137890 67.394429
2722.309062 67.395176
2735.544268 67.395570
2748.843821 67.395610
2762.208033 67.395291
2775.637219 67.394610
2789.131694 67.393563
2802.691777 67.392149
2816.317784 67.390362
2830.010039 67.388199
2843.768861 67.385658
2857.594576 67.382735
2871.487508 67.379426
2885.447984 67.375729
2899.476333 67.371639
2913.572884 67.367154
2927.737969 67.362269
2941.971921 67.356983
2956.275075 67.351290
2970.647768 67.345189
2985.090337 67.338675
2999.603123 67.331746
3014.186466 67.324397
3028.840710 67.316626
3043.566199 67.308429
3058.363280 67.299802
3073.232301 67.290743
3088.173611 67.281248
3103.187562 67.271314
3118.274508 67.260937
3133.434803 67.250114
3148.668803 67.238841
3163.976867 67.227116
3179.359356 67.214934
3194.816630 67.202293
3210.349054 67.189189
3225.956993 67.175618
3241.640813 67.161578
3257.400885 67.147065
3273.237579 67.132076
3289.151266 67.116607
3305.142322 67.100654
3321.211123 67.084216
3337.358046 67.067287
3353.583472 67.049865
3369.887781 67.031947
3386.271359 67.013528
3402.734589 66.994607
3419.277860 66.975178
3435.901560 66.955240
3452.606080 66.934788
3469.391814 66.913819
3486.259156 66.892331
3503.208503 66.870318
3520.240253 66.847779
3537.354808 66.824710
3554.552569 66.801107
3571.833942 66.776967
3589.199333 66.752286
3606.649150 66.727062
3624.183803 66.701291
3641.803706 66.674969
3659.509273 66.648094
3677.300920 66.620661
3695.179065 66.592668
3713.144130 66.564111
3731.196537 66.534987
3749.336710 66.505291
3767.565076 66.475022
3785.882064 66.444176
3804.288104 66.412749
3822.783631 66.380738
3841.369078 66.348139
3860.044883 66.314949
3878.811486 66.281165
3897.669327 66.246784
3916.618850 66.211802
3935.660501 66.176215
3954.794728 66.140021
3974.021981 66.103215
3993.342713 66.065795
4012.757377 66.027758
4032.266430 65.989099
4051.870332 65.949816
4071.569543 65.909905
4091.364527 65.869362
4111.255750 65.828185
4131.243679 65.786370
4151.328784 65.743914
4171.511538 65.700813
4191.792416 65.657064
4212.171894 65.612663
4232.650453 65.567608
4253.228573 65.521894
4273.906739 65.475519
4294.685437 65.428479
4315.565157 65.380771
4336.546388 65.332391
4357.629625 65.283336
4378.815364 65.233603
4400.104103 65.183188
4421.496342 65.132088
4442.992586 65.080299
4464.593338 65.027819
4486.299109 64.974643
4508.110407 64.920769
4530.027747 64.866192
4552.051644 64.810911
4574.182615 64.754921
4596.421182 64.698218
4618.767868 64.640801
4641.223197 64.582664
4663.787699 64.523806
4686.461904 64.464221
4709.246346 64.403909
4732.141560 64.342863
4755.148085 64.281082
4778.266462 64.218563
4801.497235 64.155301
4824.840950 64.091293
4848.298157 64.026536
4871.869408 63.961026
4895.555255 63.894761
4919.356258 63.827737
4943.272976 63.759950
4967.305970 63.691397
4991.455808 63.622075
5015.723056 63.551980
5040.108285 63.481110
5064.612070 63.409459
5089.234986 63.337027
5113.977612 63.263808
5138.840532 63.189799
5163.824328 63.114998
5188.929590 63.039400
5214.156908 62.963003
5239.506875 62.885803
5264.980087 62.807797
5290.577144 62.728981
5316.298647 62.649352
5342.145202 62.568907
5368.117417 62.487641
5394.215902 62.405553
5420.441272 62.322638
5446.794144 62.238893
5473.275136 62.154316
5499.884873 62.068901
5526.623980 61.982646
5553.493086 61.895549
5580.492823 61.807604
5607.623826 61.718809
5634.886733 61.629161
5662.282186 61.538656
5689.810830 61.447291
5717.473310 61.355063
5745.270280 61.261967
5773.202391 61.168001
5801.270301 61.073162
5829.474671 60.977445
5857.816163 60.880849
5886.295445 60.783368
5914.913187 60.685000
5943.670061 60.585742
5972.566743 60.485590
6001.603915 60.384541
6030.782258 60.282591
6060.102459 60.179738
6089.565208 60.075977
6119.171198 59.971305
6148.921125 59.865719
6178.815688 59.759216
6208.855592 59.651792
6239.041543 59.543444
6269.374250 59.434169
6299.854428 59.323963
6330.482793 59.212822
6361.260065 59.100744
6392.186969 58.987725
6423.264233 58.873761
6454.492586 58.758850
6485.872764 58.642988
6517.405505 58.526171
6549.091551 58.408396
6580.931646 58.289661
6612.926540 58.169960
6645.076986 58.049292
6677.383739 57.927653
6709.847560 57.805039
6742.469212 57.681447
6775.249463 57.556873
6808.189083 57.431315
6841.288847 57.304769
6874.549535 57.177231
6907.971928 57.048699
6941.556813 56.919168
6975.304979 56.788636
7009.217221 56.657098
7043.294336 56.524553
7077.537125 56.390996
7111.946395 56.256423
7146.522954 56.120833
7181.267616 55.984220
7216.181198 55.846583
7251.264522 55.707917
7286.518412 55.568219
7321.943698 55.427486
7357.541213 55.285714
7393.311794 55.142900
7429.256284 54.999041
7465.375527 54.854133
7501.670373 54.708174
7538.141675 54.561158
7574.790292 54.413084
7611.617086 54.263948
7648.622923 54.113746
7685.808674 53.962476
7723.175212 53.810133
7760.723417 53.656714
7798.454173 53.502217
7836.368367 53.346637
7874.466890 53.189971
7912.750639 53.032216
7951.220514 52.873369
7989.877420 52.713426
8028.722267 52.552384
8067.755968 52.390239
8106.979442 52.226988
8146.393610 52.062628
8185.999401 51.897156
8225.797745 51.730567
8265.789580 51.562859
8305.975845 51.394028
8346.357486 51.224071
8386.935452 51.052984
8427.710699 50.880765
8468.684185 50.707410
8509.856874 50.532914
8551.229735 50.357276
8592.803741 50.180492
8634.579870 50.002558
8676.559104 49.823470
8718.742430 49.643227
8761.130842 49.461823
8803.725336 49.279256
8846.526915 49.095523
8889.536584 48.910620
8932.755355 48.724544
8976.184246 48.537291
9019.824278 48.348858
9063.676477 48.159242
9107.741874 47.968439
9152.021507 47.776446
9196.516417 47.583259
9241.227650 47.388876
9286.156258 47.193292
9331.303299 46.996505
9376.669833 46.798511
9422.256928 46.599306
9468.065657 46.398888
9514.097097 46.197253
9560.352330 45.994398
9606.832446 45.790318
9653.538536 45.585012
9700.471700 45.378475
9747.633041 45.170705
9795.023670 44.961697
9842.644700 44.751448
9890.497253 44.539956
9938.582452 44.327216
9986.901431 44.113225
10035.455324 43.897981
10084.245275 43.681479
10133.272431 43.463716
10182.537944 43.244689
10232.042975 43.024394
10281.788687 42.802829
10331.776251 42.579989
10382.006842 42.355872
10432.481643 42.130474
10483.201839 41.903791
10534.168625 41.675821
10585.383199 41.446560
10636.846766 41.216004
10688.560536 40.984150
10740.525726 40.750995
10792.743558 40.516536
10845.215260 40.280768
10897.942067 40.043690
10950.925220 39.805296
11004.165963 39.565585
11057.665550 39.324552
11111.425239 39.082195
11165.446295 38.838509
11219.729988 38.593492
11274.277595 38.347140
11329.090399 38.099450
11384.169690 37.850418
11439.516763 37.600041
11495.132920 37.348316
11551.019469 37.095240
11607.177725 36.840808
11663.609009 36.585017
11720.314649 36.327865
11777.295977 36.069348
11834.554335 35.809463
11892.091069 35.548205
11949.907532 35.285572
12008.005086 35.021561
12066.385095 34.756167
12125.048934 34.489388
12183.997982 34.221221
12243.233626 33.951661
12302.757260 33.680706
12362.570283 33.408352
12422.674103 33.134596
12483.070132 32.859435
12543.759793 32.582864
12604.744512 32.304881
12666.025724 32.025483
12727.604870 31.744665
12789.483399 31.462425
12851.662767 31.178760
12914.144435 30.893665
12976.929874 30.607138
13040.020561 30.319175
13103.417980 30.029772
13167.123621 29.738927
13231.138984 29.446636
13295.465574 29.152896
13360.104904 28.857703
13425.058495 28.561054
13490.327875 28.262946
13555.914578 27.963375
13621.820148 27.662338
13688.046135 27.359831
13754.594097 27.055851
13821.465599 26.750395
13888.662214 26.443460
13956.185522 26.135041
14024.037112 25.825136
14092.218581 25.513742
14160.731531 25.200854
14229.577575 24.886470
14298.758331 24.570586
14368.275427 24.253199
14438.130499 23.934305
14508.325189 23.613901
14578.861149 23.291984
14649.740037 22.968551
14720.963521 22.643597
14792.533277 22.317120
14864.450987 21.989116
14936.718344 21.659583
15009.337047 21.328515
