x_log y_smooth
119.451630 29.721886
120.030981 29.832369
120.613142 29.942760
121.198127 30.053058
121.785949 30.163263
122.376622 30.273376
122.970160 30.383395
123.566577 30.493321
124.165886 30.603154
124.768102 30.712894
125.373239 30.822539
125.981311 30.932092
126.592332 31.041550
127.206316 31.150914
127.823278 31.260184
128.443233 31.369361
129.066195 31.478442
129.692178 31.587429
130.321197 31.696322
130.953266 31.805120
131.588402 31.913823
132.226618 32.022431
132.867929 32.130943
133.512351 32.239361
134.159898 32.347683
134.810586 32.455909
135.464430 32.564040
136.121445 32.672075
136.781646 32.780014
137.445050 32.887857
138.111671 32.995604
138.781525 33.103255
139.454628 33.210809
140.130996 33.318266
140.810644 33.425627
141.493589 33.532891
142.179846 33.640058
142.869431 33.747127
143.562361 33.854100
144.258652 33.960975
144.958320 34.067753
145.661381 34.174432
146.367852 34.281015
147.077750 34.387499
147.791090 34.493885
148.507891 34.600173
149.228168 34.706363
149.951938 34.812454
150.679219 34.918447
151.410027 35.024341
152.144379 35.130136
152.882294 35.235832
153.623787 35.341429
154.368877 35.446927
155.117580 35.552326
155.869914 35.657625
156.625898 35.762824
157.385548 35.867924
158.148882 35.972923
158.915919 36.077823
159.686676 36.182623
160.461171 36.287322
161.239422 36.391921
162.021448 36.496419
162.807267 36.600817
163.596898 36.705114
164.390358 36.809310
165.187666 36.913405
165.988841 37.017398
166.793903 37.121290
167.602868 37.225081
168.415758 37.328771
169.232590 37.432358
170.053383 37.535844
170.878158 37.639227
171.706933 37.742509
172.539727 37.845688
173.376561 37.948765
174.217453 38.051739
175.062424 38.154611
175.911493 38.257380
176.764680 38.360046
177.622005 38.462609
178.483488 38.565069
179.349149 38.667425
180.219009 38.769679
181.093088 38.871828
181.971406 38.973874
182.853984 39.075816
183.740843 39.177654
184.632003 39.279388
185.527485 39.381017
186.427311 39.482543
187.331500 39.583963
188.240075 39.685280
189.153057 39.786491
190.070467 39.887597
190.992326 39.988599
191.918656 40.089495
192.849480 40.190286
193.784817 40.290972
194.724692 40.391552
195.669124 40.492027
196.618138 40.592395
197.571754 40.692658
198.529995 40.792815
199.492884 40.892865
200.460443 40.992809
201.432694 41.092647
202.409661 41.192378
203.391367 41.292002
204.377834 41.391519
205.369085 41.490930
206.365144 41.590233
207.366034 41.689429
208.371778 41.788518
209.382401 41.887499
210.397925 41.986372
211.418374 42.085138
212.443773 42.183796
213.474145 42.282346
214.509514 42.380787
215.549905 42.479120
216.595342 42.577345
217.645849 42.675461
218.701451 42.773469
219.762174 42.871368
220.828040 42.969157
221.899077 43.066838
222.975308 43.164409
224.056759 43.261871
225.143455 43.359224
226.235421 43.456467
227.332684 43.553600
228.435268 43.650623
229.543200 43.747536
230.656506 43.844340
231.775211 43.941032
232.899342 44.037615
234.028926 44.134087
235.163988 44.230448
236.304555 44.326698
237.450653 44.422837
238.602311 44.518866
239.759554 44.614783
240.922410 44.710589
242.090906 44.806283
243.265069 44.901866
244.444927 44.997337
245.630508 45.092696
246.821838 45.187943
248.018947 45.283078
249.221862 45.378101
250.430611 45.473011
251.645222 45.567809
252.865725 45.662494
254.092147 45.757067
255.324517 45.851526
256.562865 45.945872
257.807218 46.040106
259.057607 46.134226
260.314060 46.228232
261.576608 46.322125
262.845278 46.415904
264.120102 46.509570
265.401109 46.603121
266.688329 46.696558
267.981792 46.789881
269.281528 46.883090
270.587568 46.976184
271.899943 47.069164
273.218683 47.162029
274.543819 47.254779
275.875381 47.347414
277.213402 47.439933
278.557913 47.532338
279.908945 47.624627
281.266529 47.716801
282.630697 47.808858
284.001482 47.900800
285.378916 47.992626
286.763030 48.084336
288.153857 48.175930
289.551430 48.267408
290.955781 48.358769
292.366943 48.450013
293.784950 48.541141
295.209834 48.632152
296.641629 48.723045
298.080368 48.813822
299.526085 48.904481
300.978814 48.995023
302.438589 49.085448
303.905444 49.175755
305.379414 49.265944
306.860532 49.356015
308.348834 49.445968
309.844354 49.535803
311.347128 49.625520
312.857190 49.715118
314.374576 49.804597
315.899322 49.893958
317.431463 49.983200
318.971035 50.072323
320.518074 50.161327
322.072616 50.250212
323.634698 50.338977
325.204356 50.427623
326.781627 50.516149
328.366548 50.604556
329.959156 50.692842
331.559488 50.781009
333.167583 50.869055
334.783476 50.956982
336.407207 51.044787
338.038813 51.132472
339.678332 51.220037
341.325803 51.307481
342.981265 51.394803
344.644756 51.482005
346.316315 51.569085
347.995981 51.656044
349.683793 51.742882
351.379792 51.829598
353.084016 51.916192
354.796506 52.002665
356.517302 52.089015
358.246444 52.175243
359.983972 52.261349
361.729928 52.347333
363.484351 52.433194
365.247284 52.518933
367.018767 52.604548
368.798842 52.690041
370.587550 52.775411
372.384934 52.860657
374.191035 52.945780
376.005896 53.030780
377.829559 53.115656
379.662067 53.200409
381.503463 53.285037
383.353790 53.369542
385.213092 53.453923
387.081411 53.538179
388.958791 53.622311
390.845277 53.706318
392.740913 53.790201
394.645742 53.873959
396.559811 53.957592
398.483162 54.041101
400.415842 54.124484
402.357896 54.207741
404.309369 54.290874
406.270307 54.373880
408.240755 54.456761
410.220760 54.539517
412.210369 54.622146
414.209627 54.704649
416.218582 54.787026
418.237281 54.869277
420.265770 54.951401
422.304098 55.033399
424.352312 55.115269
426.410459 55.197013
428.478589 55.278630
430.556750 55.360120
432.644990 55.441483
434.743358 55.522718
436.851903 55.603826
438.970676 55.684806
441.099724 55.765658
443.239098 55.846382
445.388849 55.926978
447.549026 56.007447
449.719680 56.087786
451.900861 56.167998
454.092622 56.248080
456.295013 56.328034
458.508086 56.407860
460.731893 56.487556
462.966485 56.567123
465.211915 56.646561
467.468236 56.725869
469.735500 56.805048
472.013760 56.884098
474.303071 56.963017
476.603484 57.041807
478.915055 57.120467
481.237837 57.198996
483.571885 57.277395
485.917253 57.355664
488.273997 57.433803
490.642171 57.511810
493.021830 57.589687
495.413032 57.667433
497.815831 57.745047
500.230283 57.822531
502.656446 57.899883
505.094376 57.977104
507.544131 58.054193
510.005767 58.131150
512.479341 58.207976
514.964914 58.284669
517.462541 58.361231
519.972282 58.437660
522.494195 58.513957
525.028340 58.590121
527.574776 58.666152
530.133563 58.742051
532.704759 58.817817
535.288426 58.893450
537.884625 58.968949
540.493415 59.044316
543.114858 59.119548
545.749015 59.194648
548.395948 59.269613
551.055719 59.344445
553.728390 59.419143
556.414023 59.493706
559.112683 59.568136
561.824431 59.642431
564.549331 59.716591
567.287447 59.790617
570.038844 59.864508
572.803585 59.938264
575.581735 60.011885
578.373359 60.085371
581.178524 60.158722
583.997293 60.231937
586.829734 60.305017
589.675912 60.377961
592.535895 60.450770
595.409748 60.523442
598.297540 60.595978
601.199339 60.668378
604.115211 60.740642
607.045225 60.812769
609.989451 60.884760
612.947956 60.956613
615.920810 61.028330
618.908083 61.099910
621.909844 61.171353
624.926164 61.242659
627.957113 61.313827
631.002763 61.384858
634.063185 61.455751
637.138450 61.526506
640.228630 61.597123
643.333798 61.667602
646.454026 61.737944
649.589388 61.808146
652.739956 61.878211
655.905805 61.948136
659.087009 62.017923
662.283641 62.087571
665.495778 62.157081
668.723494 62.226451
671.966865 62.295681
675.225966 62.364773
678.500874 62.433725
681.791666 62.502537
685.098418 62.571210
688.421209 62.639742
691.760115 62.708135
695.115215 62.776388
698.486588 62.844500
701.874313 62.912472
705.278468 62.980303
708.699133 63.047993
712.136390 63.115543
715.590317 63.182952
719.060996 63.250219
722.548508 63.317346
726.052935 63.384331
729.574358 63.451175
733.112861 63.517877
736.668526 63.584437
740.241437 63.650855
743.831676 63.717132
747.439328 63.783266
751.064478 63.849258
754.707210 63.915108
758.367609 63.980815
762.045762 64.046379
765.741754 64.111801
769.455672 64.177080
773.187603 64.242215
776.937634 64.307208
780.705853 64.372057
784.492349 64.436763
788.297209 64.501325
792.120523 64.565743
795.962381 64.630018
799.822872 64.694148
803.702086 64.758135
807.600116 64.821977
811.517051 64.885675
815.452983 64.949228
819.408005 65.012637
823.382210 65.075901
827.375689 65.139020
831.388538 65.201994
835.420849 65.264823
839.472717 65.327506
843.544237 65.390045
847.635504 65.452437
851.746615 65.514684
855.877664 65.576785
860.028750 65.638740
864.199968 65.700549
868.391418 65.762212
872.603196 65.823729
876.835402 65.885099
881.088135 65.946322
885.361494 66.007399
889.655578 66.068329
893.970490 66.129111
898.306329 66.189747
902.663198 66.250236
907.041198 66.310577
911.440431 66.370770
915.861001 66.430816
920.303011 66.490714
924.766566 66.550464
929.251769 66.610066
933.758726 66.669520
938.287542 66.728825
942.838323 66.787982
947.411176 66.846991
952.006207 66.905851
956.623525 66.964562
961.263237 67.023124
965.925453 67.081536
970.610280 67.139800
975.317829 67.197914
980.048211 67.255879
984.801535 67.313694
989.577913 67.371359
994.377457 67.428875
999.200280 67.486240
1004.046493 67.543455
1008.916211 67.600520
1013.809548 67.657433
1018.726618 67.714190
1023.667536 67.770787
1028.632418 67.827218
1033.621380 67.883481
1038.634539 67.939571
1043.672012 67.995483
1048.733917 68.051213
1053.820374 68.106757
1058.931500 68.162110
1064.067415 68.217269
1069.228240 68.272228
1074.414096 68.326985
1079.625103 68.381533
1084.861384 68.435870
1090.123062 68.489990
1095.410259 68.543890
1100.723100 68.597565
1106.061709 68.651010
1111.426210 68.704222
1116.816729 68.757197
1122.233394 68.809929
1127.676329 68.862415
1133.145663 68.914650
1138.641524 68.966630
1144.164040 69.018351
1149.713341 69.069809
1155.289557 69.120998
1160.892818 69.171916
1166.523255 69.222556
1172.181001 69.272916
1177.866187 69.322991
1183.578946 69.372777
1189.319413 69.422269
1195.087722 69.471463
1200.884008 69.520354
1206.708406 69.568939
1212.561053 69.617213
1218.442086 69.665172
1224.351642 69.712812
1230.289860 69.760127
1236.256880 69.807115
1242.252840 69.853770
1248.277880 69.900088
1254.332143 69.946066
1260.415770 69.991698
1266.528902 70.036980
1272.671684 70.081909
1278.844259 70.126479
1285.046772 70.170687
1291.279367 70.214528
1297.542191 70.257999
1303.835390 70.301093
1310.159112 70.343808
1316.513505 70.386139
1322.898717 70.428082
1329.314897 70.469632
1335.762197 70.510785
1342.240767 70.551537
1348.750758 70.591883
1355.292324 70.631820
1361.865617 70.671342
1368.470790 70.710447
1375.108000 70.749128
1381.777401 70.787382
1388.479148 70.825205
1395.213400 70.862593
1401.980314 70.899541
1408.780048 70.936044
1415.612761 70.972099
1422.478613 71.007701
1429.377766 71.042846
1436.310379 71.077529
1443.276617 71.111747
1450.276642 71.145495
1457.310617 71.178768
1464.378708 71.211563
1471.481080 71.243875
1478.617899 71.275700
1485.789332 71.307033
1492.995547 71.337871
1500.236713 71.368208
1507.513000 71.398041
1514.824577 71.427365
1522.171615 71.456176
1529.554288 71.484470
1536.972767 71.512242
1544.427227 71.539489
1551.917842 71.566205
1559.444786 71.592386
1567.008237 71.618029
1574.608372 71.643129
1582.245367 71.667681
1589.919403 71.691681
1597.630659 71.715126
1605.379315 71.738010
1613.165553 71.760330
1620.989554 71.782080
1628.851503 71.803258
1636.751583 71.823857
1644.689979 71.843875
1652.666877 71.863307
1660.682464 71.882149
1668.736927 71.900396
1676.830455 71.918043
1684.963237 71.935088
1693.135464 71.951524
1701.347327 71.967349
1709.599019 71.982558
1717.890732 71.997146
1726.222660 72.011109
1734.594999 72.024443
1743.007945 72.037144
1751.461694 72.049207
1759.956445 72.060628
1768.492396 72.071402
1777.069747 72.081526
1785.688699 72.090995
1794.349454 72.099805
1803.052214 72.107951
1811.797183 72.115430
1820.584567 72.122236
1829.414570 72.128366
1838.287399 72.133815
1847.203262 72.138579
1856.162369 72.142654
1865.164927 72.146035
1874.211149 72.148718
1883.301246 72.150699
1892.435431 72.151973
1901.613917 72.152536
1910.836920 72.152385
1920.104655 72.151514
1929.417340 72.149919
1938.775192 72.147596
1948.178430 72.144541
1957.627275 72.140749
1967.121948 72.136216
1976.662671 72.130938
1986.249667 72.124910
1995.883161 72.118129
2005.563378 72.110589
2015.290545 72.102287
2025.064890 72.093219
2034.886642 72.083379
2044.756030 72.072764
2054.673285 72.061369
2064.638640 72.049190
2074.652327 72.036223
2084.714582 72.022463
2094.825640 72.007907
2104.985738 71.992549
2115.195113 71.976386
2125.454004 71.959413
2135.762652 71.941626
2146.121298 71.923021
2156.530184 71.903593
2166.989554 71.883339
2177.499653 71.862252
2188.060727 71.840331
2198.673024 71.817569
2209.336790 71.793964
2220.052278 71.769509
2230.819736 71.744203
2241.639417 71.718039
2252.511575 71.691013
2263.436464 71.663122
2274.414339 71.634361
2285.445459 71.604726
2296.530080 71.574213
2307.668462 71.542816
2318.860867 71.510532
2330.107556 71.477357
2341.408793 71.443286
2352.764841 71.408315
2364.175968 71.372439
2375.642439 71.335655
2387.164524 71.297958
2398.742492 71.259344
2410.376614 71.219808
2422.067163 71.179346
2433.814412 71.137954
2445.618636 71.095628
2457.480112 71.052363
2469.399117 71.008154
2481.375931 70.962999
2493.410833 70.916891
2505.504105 70.869828
2517.656031 70.821805
2529.866895 70.772816
2542.136982 70.722859
2554.466581 70.671929
2566.855980 70.620022
2579.305468 70.567132
2591.815337 70.513257
2604.385880 70.458391
2617.017392 70.402530
2629.710168 70.345671
2642.464504 70.287808
2655.280701 70.228937
2668.159057 70.169055
2681.099874 70.108157
2694.103456 70.046238
2707.170106 69.983294
2720.300131 69.919321
2733.493837 69.854315
2746.751534 69.788271
2760.073533 69.721185
2773.460144 69.653053
2786.911681 69.583871
2800.428460 69.513633
2814.010796 69.442336
2827.659008 69.369976
2841.373414 69.296548
2855.154338 69.222048
2869.002099 69.146471
2882.917024 69.069814
2896.899437 68.992072
2910.949667 68.913240
2925.068041 68.833315
2939.254891 68.752292
2953.510548 68.670167
2967.835346 68.586935
2982.229621 68.502593
2996.693710 68.417135
3011.227951 68.330560
3025.832684 68.242867
3040.508251 68.154060
3055.254997 68.064142
3070.073265 67.973114
3084.963403 67.880980
3099.925760 67.787743
3114.960686 67.693404
3130.068533 67.597966
3145.249654 67.501433
3160.504404 67.403806
3175.833142 67.305088
3191.236226 67.205282
3206.714016 67.104391
3222.266874 67.002416
3237.895166 66.899361
3253.599256 66.795228
3269.379512 66.690020
3285.236304 66.583739
3301.170003 66.476388
3317.180982 66.367970
3333.269616 66.258487
3349.436280 66.147942
3365.681355 66.036337
3382.005220 65.923675
3398.408257 65.809958
3414.890851 65.695190
3431.453386 65.579372
3448.096251 65.462508
3464.819836 65.344600
3481.624532 65.225650
3498.510732 65.105662
3515.478831 64.984637
3532.529228 64.862578
3549.662320 64.739489
3566.878510 64.615371
3584.178199 64.490227
3601.561794 64.364060
3619.029701 64.236872
3636.582328 64.108666
3654.220088 63.979445
3671.943392 63.849211
3689.752656 63.717966
3707.648297 63.585714
3725.630733 63.452457
3743.700385 63.318197
3761.857677 63.182938
3780.103034 63.046681
3798.436882 62.909430
3816.859651 62.771186
3835.371772 62.631953
3853.973679 62.491733
3872.665807 62.350529
3891.448593 62.208343
3910.322477 62.065178
3929.287902 61.921036
3948.345311 61.775921
3967.495149 61.629834
3986.737867 61.482779
4006.073913 61.334757
4025.503741 61.185772
4045.027805 61.035827
4064.646563 60.884922
4084.360473 60.733063
4104.169998 60.580250
4124.075601 60.426486
4144.077748 60.271775
4164.176907 60.116118
4184.373549 59.959519
4204.668146 59.801979
4225.061175 59.643502
4245.553111 59.484090
4266.144435 59.323746
4286.835629 59.162472
4307.627177 59.000271
4328.519566 58.837145
4349.513285 58.673098
4370.608825 58.508131
4391.806681 58.342247
4413.107348 58.175449
4434.511326 58.007740
4456.019114 57.839122
4477.631218 57.669598
4499.348142 57.499169
4521.170395 57.327840
4543.098489 57.155612
4565.132935 56.982488
4587.274251 56.808471
4609.522954 56.633563
4631.879565 56.457767
4654.344608 56.281085
4676.918608 56.103521
4699.602095 55.925076
4722.395598 55.745753
4745.299652 55.565555
4768.314793 55.384485
4791.441560 55.202545
4814.680493 55.019737
4838.032137 54.836065
4861.497039 54.651530
4885.075748 54.466136
4908.768816 54.279885
4932.576797 54.092779
4956.500249 53.904822
4980.539732 53.716016
5004.695809 53.526363
5028.969045 53.335869
5053.360009 53.144552
5077.869271 52.952431
5102.497405 52.759529
5127.244988 52.565864
5152.112599 52.371459
5177.100820 52.176332
5202.210236 51.980505
5227.441435 51.783998
5252.795008 51.586832
5278.271548 51.389027
5303.871652 51.190604
5329.595918 50.991583
5355.444950 50.791984
5381.419352 50.591829
5407.519732 50.391138
5433.746701 50.189931
5460.100873 49.988229
5486.582866 49.786052
5513.193299 49.583421
5539.932794 49.380356
5566.801979 49.176878
5593.801482 48.973008
5620.931935 48.768765
5648.193973 48.564171
5675.588235 48.359245
5703.115361 48.154009
5730.775996 47.948483
5758.570788 47.742687
5786.500387 47.536642
5814.565448 47.330369
5842.766626 47.123888
5871.104583 46.917219
5899.579981 46.710383
5928.193488 46.503400
5956.945773 46.296292
5985.837509 46.089078
6014.869373 45.881779
6044.042044 45.674416
6073.356205 45.467008
6102.812543 45.259578
6132.411746 45.052144
6162.154509 44.844728
6192.041526 44.637350
6222.073498 44.430031
6252.251129 44.222791
6282.575123 44.015650
6313.046192 43.808630
6343.665048 43.601750
6374.432408 43.395031
6405.348993 43.188495
6436.415526 42.982160
6467.632735 42.776048
6499.001350 42.570179
6530.522105 42.364574
6562.195740 42.159254
6594.022994 41.954238
6626.004613 41.749547
6658.141347 41.545202
6690.433946 41.341224
6722.883168 41.137632
6755.489771 40.934448
6788.254519 40.731691
6821.178179 40.529383
6854.261522 40.327543
6887.505323 40.126193
6920.910358 39.925353
6954.477412 39.725044
6988.207268 39.525285
7022.100718 39.326098
7056.158554 39.127502
7090.381573 38.929519
7124.770578 38.732169
7159.326372 38.535473
7194.049765 38.339450
7228.941569 38.144122
7264.002602 37.949509
7299.233685 37.755632
7334.635641 37.562510
7370.209300 37.370165
7405.955495 37.178617
7441.875062 36.987887
7477.968842 36.797995
7514.237680 36.608961
7550.682426 36.420807
7587.303932 36.233552
7624.103055 36.047217
7661.080658 35.861823
7698.237605 35.677390
7735.574767 35.493939
7773.093018 35.311490
7810.793236 35.130064
7848.676303 34.949681
7886.743107 34.770361
7924.994538 34.592126
7963.431492 34.414995
8002.054869 34.238990
8040.865573 34.064131
8079.864512 33.890438
8119.052600 33.717931
8158.430754 33.546632
8197.999895 33.376561
8237.760951 33.207738
8277.714851 33.040184
8317.862531 32.873920
8358.204931 32.708965
8398.742995 32.545340
8439.477673 32.383067
8480.409918 32.222165
8521.540688 32.062654
8562.870946 31.904557
8604.401660 31.747892
8646.133801 31.592680
8688.068347 31.438943
8730.206279 31.286700
8772.548585 31.135972
8815.096254 30.986780
8857.850284 30.839143
8900.811674 30.693083
8943.981431 30.548620
8987.360566 30.405775
9030.950093 30.264568
9074.751034 30.125019
9118.764413 29.987150
9162.991261 29.850980
9207.432613 29.716530
9252.089511 29.583821
9296.962998 29.452873
9342.054125 29.323706
9387.363949 29.196342
9432.893530 29.070800
9478.643933 28.947102
9524.616230 28.825267
9570.811497 28.705317
9617.230815 28.587271
9663.875271 28.471150
9710.745957 28.356976
9757.843970 28.244767
9805.170413 28.134545
9852.726394 28.026331
9900.513025 27.920144
9948.531426 27.816006
9996.782721 27.713936
10045.268038 27.613956
10093.988514 27.516086
10142.945289 27.420346
10192.139509 27.326757
10241.572325 27.235339
10291.244895 27.146113
10341.158382 27.059100
10391.313954 26.974319
10441.712784 26.891792
10492.356054 26.811539
10543.244948 26.733581
10594.380658 26.657937
10645.764381 26.584629
10697.397320 26.513677
10749.280683 26.445101
10801.415685 26.378922
10853.803547 26.315161
10906.445495 26.253838
10959.342761 26.194973
11012.496584 26.138588
11065.908208 26.084702
11119.578883 26.033336
11173.509866 25.984511
11227.702419 25.938247
11282.157810 25.894565
11336.877316 25.853484
11391.862216 25.815027
11447.113798 25.779212
11502.633355 25.746062
11558.422188 25.715595
11614.481601 25.687833
11670.812908 25.662796
11727.417426 25.640505
11784.296482 25.620981
11841.451406 25.604243
11898.883537 25.590312
11956.594219 25.579209
12014.584804 25.570955
12072.856648 25.565569
12131.411115 25.563072
12190.249578 25.563486
12249.373412 25.566829
12308.784003 25.573124
12368.482740 25.582390
12428.471021 25.594648
12488.750252 25.609918
12549.321842 25.628221
12610.187210 25.649577
12671.347780 25.674008
12732.804985 25.701533
12794.560263 25.732173
12856.615060 25.765948
12918.970828 25.802879
12981.629028 25.842987
13044.591126 25.886291
13107.858595 25.932814
13171.432918 25.982574
13235.315582 26.035593
13299.508083 26.091891
13364.011923 26.151488
13428.828613 26.214406
13493.959670 26.280664
13559.406618 26.350283
13625.170990 26.423284
13691.254326 26.499687
13757.658172 26.579512
13824.384082 26.662781
13891.433620 26.749513
13958.808353 26.839730
14026.509861 26.933451
14094.539727 27.030697
14162.899544 27.131489
14231.590912 27.235848
14300.615440 27.343793
14369.974744 27.455345
14439.670446 27.570525
14509.704179 27.689354
14580.077582 27.811851
14650.792302 27.938037
14721.849996 28.067933
14793.252326 28.201560
14865.000963 28.338937
14937.097588 28.480086
15009.543889 28.625027
